750
83
771
294
836
890
954
792
969
725
472
551
588
197
217
127
287
113
92
305
488
301
187
349
739
497
416
561
87
320
913
877
640
23
779
963
50
284
411
148
245
539
508
900
181
546
149
39
786
145
768
11
677
641
992
202
106
265
863
757
844
120
530
986
987
554
111
819
679
549
35
804
299
186
352
389
3
179
225
229
232
593
756
423
277
361
33
597
830
502
623
845
396
680
650
924
261
154
483
851
208
38
211
925
533
431
712
594
639
136
315
212
174
704
279
178
839
362
425
785
201
121
610
132
311
442
842
682
448
914
300
827
45
864
820
109
480
222
514
869
213
693
656
621
292
648
962
719
440
807
574
555
22
775
441
342
499
532
743
73
931
755
184
515
164
875
486
369
297 114
19
391
908
950
397
791
591
895
787
177
667
326
687
380
809
77
870
663
907
688
258
319
976
790
142
822
729
812
777
209
983
312
821
278
219
955
764
803
485
596
567
107
340
778
332
387
17
367
302
505
63
948
346
540
592
926
754
298
613
727
463
905
13
606
230
233
358
308
381
848
235
811
78
286
103
439
348
611
741
16
135
323
489
293
110
780
658
672
374
708
886
457
267
692
772
935
48
906
500
647
718
254
815
467
194
462
707
557
509
9
60
734
75
616
971
859
393
922
880
223 675
74
100
826
493
959
713
604
28
1
192
642
917
247
255
855
25
602
220
745
451
288 130
887
724
189
124 714
6 873
674 118
29
769 134
686 813
251
761
998
997
290 455
140
98
347
893
626
629
426 543
953 471
360
473
364
733
156 376
421
125
24
260
767
867
520
86 382
849
964
605
516
268
435
252 932
923
556
327 522
857 386
366 129
171 879
655
250 794
632 464
690
563 665
884 920
975
731 709
526
939
5
652
645
569
191 434
173 903
710 373
52 856
487 263
834 847
956 740
468
160 689
216
560
576
62
0 666
377
781 599
783 172
158 182
746
170
266 353
241
570
951
742
535 961
728
459 44
979 204
176
614
7
949 244
513 150
390 911
700 981
281
228
450
81
79 375
701 183
801 891
860
21
203
793 206
117 837
921
37 871
159
370
404
116 810
548 684
218 571
328
180 69
942
541
465 307
601 511
401 861
637 474
256 461
283
732
565
527 751
927 517
523 437
58 147
909 624
838 99
510 93
417 195
603 336
524 661
335 242
585 470
503 494
583 881
280 200
476 161
805 371
355 262
238 392
407 91
967 737
31 344
774 153
65 797
824 915
257 653
882 155
974 758
612 796
384 957
226 18
295 27
310 32
904 619
627
723
685 2
71 338
960 581
600 478
126 168
896
936
678
747
668 703
306 617
985 55
246 537
965 952
866 259
750 808
558 115
475 846
568 157
59 10
940 234
598 105
941 214
958 321
207 76
782 609
272
314
90
501 643
752 521
892 659
553 51
562 413
104 484
224 95
872 469
618 721
696 910
198 993
512 80
883 544
163 422
403 101
273 525
291 835
443 452
699 705
579 47
57 814
945 628
630 984
432 72
573 388
221 368
185 934
96 817
607 973
818 662
82 657
350 30
587 897
762 137
670 408
912 726
608 800
324 660
84 365
85 977
916 765
418 188
716 615
534 991
285 929
577 67
841 894
937 885
131 36
12 858
578 345
902 410
876 133
359 108
947 795
622 770
143 46
715 146
580 341
518 231
636 8
664 339
586 968
695 862
711 405
496 227
943 825
61 270
918 271
582 840
175 930
330 249
449 717
94 372
190 595
529 383
759 833
928 681
237 243
676 444
552 988
54 498
445 735
152 269
738
395 996
635 673
26 744
982 458
789 651
419 481
919 590
898 528
492 414
980 151
343 816
53 760
519
253 720
119 215
763 566
990 753
788 946
64 415
868 995
68 572
331 304
634 394
454 620
853 169
773 40
564 123
999 806
138 49
633 828
542 128
337 490
683 248
495 697
399 698
545 832
798 165
264 901
427 385
631 199
428 102
97 88
589 66
749 438
363 162
15 409
236 482
398 466
56
412
584
436
196
538
122
141
994
193
205
144 289
899
239
691
317
357
351
694
722
978
649
318 447
625 402
313
531
559
477
210
406
446
89
852
878
829
276
42
491
333
430
507
334
506
730
736
316
889
966
843
453
799
167
4
823
460
784
654
865
669
282
303
379
854
240
420
575
970
938
479
296
166
504
329
972
275
850
547 20
702
888
706
638
325
644
309
536
34
433
41
354
356
933
989
378
70
456
112
14
43
322 424
874
646
766
831
802
139
550
429
776
671
944
274
400
748
