750
83
294
497
954
92
187
217
127
725
588
208
485
836
706
969
557
509
278
404
546
149
349
389
913
320
462
707
305
488
301
944
287
549
508
539
757
863
591
265
106
281
554
111
423
756
396
361
277
254
718
41
433
34
536
284
411
674 96
367
302
472
261
924
650
641
992
822
142
440
719
29
39
786
851
212
768
145
279
704
174
201
121
839
178
216
560
623
845
164
875
570
480
222
514
869
274
682
842
790
362
360
473
895
594
830
502
468
202
728
533
275
850
135
16
787
177
983
35
358
233
640
821
921
809
672
708
886
457
267
692
772
439
103
286
213
693
679
819
791
540
555
22
775
441
342
656
987
272
561
87
211
925
400
748
526
939
5
652
645
569
140
308
381
848
611
741
219
955
780
110
293
938
935
48
906
500
647
782 69
820
109
251
596
567
107
448
914
1
192
642
976
690
486
170
746
158 902
326
667
229
256 523
283
732
565
734
649
531
313
402 32
435
268
677
511 144
228
450
81
469 810
10 716
534 2
801 129
316
776
671
701 79
154
483
573 373
323
923
556
266 535
241
426 218
953 632
369
94 191
330 250
37 175
444 548
978
722
694
240
183 206
891 147
860
952 335
559
831
990 909
731 788
45
794 783
807
574
355 223
815
467
194
179
225
393
859
340
778
332
416
818 750
888
702
348
399 683
44 697
932 474
114 461
259 577
808 637
30 866
137 586
665 735
270 988
271 498
795 95
837 295
686 353
583 737
124 590
481 527
789 666
982 910
744 618
431
712
612 622
169 608
40 46
171 838
338 510
8 168
422 128
544 138
814 207
576
62
0 427
199 769
385 131
862 297
407 190
661 383
262 310
371 834
408 151
492 343
27 221
619 965
703 246
841 306
572 675
434 868
856 903
710 152
624 432
977 188
503 916
126 698
832 587
226 582
20 172
885 82
182 980
414 417
273 65
835 163
101 318
521 525
892 403
51 243
770 833
681 985
375 102
631 578
949 116
327 928
653 68
995 155
758 636
581 231
580 564
133 609
345 958
930 529
918 759
595 974
796 720
957 215
566 558
846 542
157 57
528 579
52 912
670 494
443 585
705 876
359 117
76 945
205
607 981
662 405
937 973
934 185
817 699
513 805
161 904
108 71
861 947
339 165
695 545
455 227
825 657
64 496
774 198
130 80
857 941
879 660
487 84
751 800
517 676
146 828
501 253
752 512
386 659
26 331
336 635
394 996
620 269
760 428
816 927
88 97
66 589
438 749
162 363
409 15
482 236
466 398
56
625 967
72 552
553 388
643 244
49 99
753 806
415 123
470 290
105 897
350 234
59 85
478 668
617 6
55 999
562 366
717 324
249 365
424 961
915 824
797 883
153 47
344 464
401 522
628 634
263 237
285 36
67 115
475 929
715 630
204 143
459 568
736
730
894 291
518 664
889
991 288
490 763
248 673
495 337
858 700
881 224
454 484
984 160
150 711
911 119
334
506
709 793
975
920 476
739
200 798
761
372 901
898 449
784
460
823
844
31 685
919 264
100
543 598
629
626
893
347
98
956 600
960 252
615 437
376 54
733
364
61 384
943 603
195 410
280 390
986
684 940
584
413 884
436
196
307 86
880
922
91 968
392 238
803
764
571 696
524 180
942
166
296
479
12 445
471 946
255
247
917
173 979
993 156
714 104
873 773
458 762
239
899
289 418
721 304
765 689
447 53
840 18
113
242 847
341 740
134 382
726 321
853 214
538
599 633
855
25
602
93 882
309
644
118 601
325
638
120
28
872 257
896
936
678
747
621
520
867
767
260
24
125
951
742
452 871
456
70
378
989
465 563
754
298
11
604
713
813 368
887
724
189
505
63
948
346
592
14
43
122
141
994
193
374
655
312
58 395
333
430
507
220
745
451
406
210
245
148
777
209
420
575
970
282
303
537 547
73
931
971
616
75
691
317
357
351
258
688
907
663
870
77
826
493
551
38
203
21
477
33
597
738
446
89
852
878
829
276
42
491
319
397
950
908
391
19
354
356
933
658
176
614
7
963
4
516
605
964
849
627
723
499
532
743
648
292
112
74
639
136
17
387
3
646
766
874
843
966
315
651 419
132
311
515
959
184
755
230
606
13
905
463
727
613
680
412
785
425
377
781 322
9
60
197
654
865
669
235
519
379
854
926
489
998
997
864
827
300
453
799
167
804
299
186
352
811
78
442
610
159
370
23
962
802
139
550
429
687
380
530
421
812
729
900
232
593
328
792
779
50
181
504
329
972
90
314
541
890
877
771
