750
2 223
607 608
904 946
634 618
221 253
523 322
117 968
530
208
175 185
305
709 390
83
50
294
969
792
157 920
739
349
152 180
942
541
890
877
771
782 883
295 310
86 752
87
561
411
284
23
640
696 699
954
972
329
725
907
287
549
831
3
229
864
786
851
212
92
260
542 548
145
768
944
58 928
139
593
232
418 427
900
546
149
532
499
111
456
449 512
875
570
35
804
992
641
308
359 385
125
24
807
574
431
790
167
799
453
843
240
895
311
326
667
177
653 835
477
19
446
89
300
827
916 945
369
953 345
802
575
970
599 601
718
254
181
730
736
316
889
966
315
474 373
135
323
923
556
989
205
76 172
520
867
767
112
132
276
42
84 564
90
314
34
536
309
644
325
363 398
935
48
906
500
647
440
719
962
54 79
801 147
780
955
764
821
921
809
380
233
358
550
733
364
405 165
872 937
15 581
811
78
897 717
30 583
874
590 595
744 372
423
756
582 563
866 146
670 665
829
878
852
128 911
266 168
367
302
505
63
948
346
173 763
776
671
328
228
677
435
268
351
258
688
838 715
613
727
689 805
216
560
576
62
484 0
224 510
74
100
826
493
551
817 401
388 662
554
517 958
629
543 242
585 711
494 410
528 943
72 52
118 27
940 291
538
196
436
973 290
997
109
820
476 69
438 200
162 814
47 96
758 123
155 386
31 686
250 238
319
133 376
393
225
80 947
777
148
245
210
406
451
745
773 660
193
994
141
122
628 59
428 580
88 471
559
531
114 108
870
663
856 873
710 789
910 432
392 795
243 751
259 833
151 681
791
657 160
64 395
234 65
333
430
507
190 207
383 544
615 183
463
91 8
40 330
313
402 10
421
794 156
286
103
985 999
646
766
990 280
941 788
134 612
832 808
115 443
391
908
492 495
845
623
397
950
169 408
454 455
735 475
705 984
275
589 586
218 464
353 288
746
283
636 637
251
26 813
239
899
461 458
577 46
382 622
712
188 891
716 537
956 800
73
743
6 227
32 825
769 774
482 424
419 466
796 797
957 949
93 697
932 99
624 252
600 603
195 44
991 481
153 982
344 249
737 226
525 407
318 881
896
126 876
236 452
861 409
853 414
51 553
591
522 513
158 161
694
526
939
840 846
915 562
306 558
713
604
480
222
514
869
977 130
348
611
741
219
995 94
55 545
779
350 124
588
182 760
579 816
803
163 102
272
609 336
56
412
584
501 503
682
138 770
387
17
413 67
488
664 244
951
742
533
28
993 714
131 246
335 337
248 215
720 698
519
235
848
381
214 206
12 321
331 116
912 327
241
678
747
668 676
342
649
617 620
394 674
643 841
49 703
936
282
303
506
334
356
933
685 683
270 765
723
627
959
569
645
652
5
860
21
203
38
837 339
262 521
371 675
57 535
384 961
113
516
605
964
849
426 18
211
925
728
815
467
194
179
905
13
606
230
497
571 572
304 858
707
462
81
450
281
661 341
701 231
931
750 783
416
332
778
340
859
498 632
433
41
659 635
478 996
129 297
979 901
176
614
7
963
4
823
460
784
654
865
669
974 884
45
61 338
204 470
755
184
515
164
447 105
565
732
504
166
296
479
938
793 630
101 929
140
98
347
893
626
144 285
417 237
457
886
708
273 534
787
691
317
357
312
43
14
592
540
220
602
25
855
255
247
917
642
263 511
11
298
754
71 529
143 759
819
679
379
854
722
978
971
616
75
734
60
9
573 434
483
154
70
378
566 695
174
704
279
178
839
965 95
374
82 119
887
724
189
828 824
706
888
702
648
292
192
1
914
818 810
404
370
159
578 587
976
491
107
567
596
485
621
656
77
806 37
913
320
170
486
97 104
898 762
927 271
425
655
377
633 781
187
459 547
301
420
209
680
473
360
441
775
22
555
293
110
489
998
761
352
798 892
748
400
274
692
267
700 552
772
439
847 20
726 444
39
738
975
85 269
822
142
362
986
639
136
121
201
785
186
299
934 871
812
729
922
880
625 862
539
508
672
834 753
502
830
594
919 918
472
261
924
650
597
33
361
277
836
693
213
16
850
354
983
610
842
29
442
844
120
638
987
690
389
448
396
658
468
202
981 66
197
509
557
926
106
265
863
757
687
429
217
127
278
-1
-1
-1
-1
-1
-1
-1
-1
-1
-1
-1
-1
-1
-1
-1
-1
-1
-1
-1
-1
-1
-1
-1
-1
-1
-1
-1
-1
-1
-1
-1
